Date,Open,High,Low,Close,Volume,Adj Close
2014-10-27,30.15,31.62,29.82,31.40,15215100,31.40
2014-10-20,30.22,31.99,29.98,30.04,19573100,30.04
2014-10-13,30.29,30.97,28.82,30.24,19681500,30.24
2014-10-06,33.84,34.24,30.09,30.29,21331100,30.29
2014-09-29,32.97,33.90,31.67,33.76,22683200,33.76
2014-09-22,33.74,33.84,32.83,33.17,10460800,33.17
2014-09-15,33.16,34.24,33.15,33.94,11468900,33.94
2014-09-08,34.03,34.15,33.01,33.27,13130100,33.27
2014-09-02,34.88,35.14,34.23,34.58,10672100,34.28
2014-08-25,34.43,35.00,34.22,34.80,7143900,34.50
2014-08-18,34.09,34.75,34.04,34.24,9022700,33.94
2014-08-11,33.64,34.16,33.22,33.84,10488800,33.55
2014-08-04,33.76,34.02,32.80,33.53,10935300,33.24
2014-07-28,35.03,35.20,33.30,33.44,15861000,33.15
2014-07-21,37.38,37.92,34.56,35.07,18875400,34.77
2014-07-14,38.10,38.13,37.01,37.41,9728000,37.09
2014-07-07,37.91,38.13,37.17,37.95,10138300,37.62
2014-06-30,36.59,38.15,35.98,37.74,17177500,37.41
2014-06-23,36.21,37.18,36.19,36.62,15141500,36.30
2014-06-16,35.49,36.64,35.49,36.22,13492700,35.91
2014-06-09,36.47,36.83,35.38,35.63,11294200,35.32
2014-06-02,34.54,37.04,34.29,36.55,21065400,36.23
2014-05-27,33.92,34.65,33.77,34.58,11655900,34.00
2014-05-19,33.84,34.35,32.96,33.63,12597500,33.06
2014-05-12,34.38,35.19,33.49,34.00,13723200,33.43
2014-05-05,34.84,35.43,34.15,34.23,10977600,33.65
2014-04-28,33.93,35.40,33.52,34.97,15454100,34.38
2014-04-21,33.95,35.70,33.52,33.72,17529600,33.15
2014-04-14,32.29,34.09,32.15,33.98,18175600,33.41
2014-04-07,34.67,34.73,31.70,31.93,31638200,31.39
2014-03-31,34.53,35.70,33.95,34.81,30734700,34.22
2014-03-24,34.69,35.18,34.11,34.73,19766800,34.14
2014-03-17,34.14,36.00,33.71,35.01,20836600,34.42
2014-03-10,37.56,37.56,33.57,34.09,35284700,33.51
2014-03-03,35.70,38.05,35.70,37.69,21407900,36.73
2014-02-24,36.70,37.13,35.89,36.20,28851400,35.28
2014-02-18,36.43,36.75,36.00,36.69,29494200,35.75
2014-02-10,35.91,36.08,34.62,35.95,28721900,35.03
2014-02-03,36.27,36.47,34.36,36.11,34860500,35.19
2014-01-27,36.80,37.28,35.88,36.08,22009600,35.16
2014-01-21,38.89,39.00,36.70,36.83,26952300,35.89
2014-01-13,40.16,40.64,38.33,38.60,38336900,37.61
2014-01-06,39.90,40.94,39.64,40.03,14989800,39.01
2013-12-30,41.00,41.13,39.00,39.57,19007100,38.56
2013-12-23,40.90,41.85,40.61,40.94,12299100,39.89
2013-12-16,40.56,41.85,39.86,40.99,37722300,39.94
2013-12-09,40.38,41.17,40.01,40.04,22400800,39.02
2013-12-02,39.10,40.38,37.68,40.17,35650700,39.14
2013-11-25,37.75,39.15,37.39,38.73,19749400,37.74
2013-11-18,38.81,39.18,37.58,37.63,22841800,36.67
2013-11-11,36.68,39.08,36.37,38.77,24414500,37.78
2013-11-04,37.50,37.80,35.91,36.66,17492400,35.72
2013-10-28,35.44,38.21,35.43,37.39,27607600,36.44
2013-10-21,36.26,36.27,34.53,35.59,15980700,34.68
2013-10-14,34.83,36.30,34.51,35.89,13534500,34.97
2013-10-07,35.23,35.52,33.92,35.35,18079500,34.45
2013-09-30,35.71,36.41,35.13,35.70,17576600,34.79
2013-09-23,37.15,37.97,36.16,36.37,17103900,35.44
2013-09-16,36.47,37.88,36.15,36.83,20332000,35.89
2013-09-09,36.34,37.27,35.88,36.06,15910700,35.14
2013-09-03,34.68,36.79,33.96,36.15,16705500,35.23
2013-08-26,35.03,35.52,33.50,34.08,10100800,33.21
2013-08-19,34.56,35.22,34.05,35.06,9967200,34.17
2013-08-12,35.76,36.21,34.18,34.38,11962300,33.50
2013-08-05,37.03,37.05,35.43,36.02,12437400,35.10
2013-07-29,36.57,37.18,35.67,36.95,13881900,36.01
2013-07-22,36.62,37.71,36.46,36.67,13949300,35.73
2013-07-15,36.60,36.99,35.76,36.61,11694600,35.68
2013-07-08,34.78,36.58,34.54,36.40,10857500,35.47
2013-07-01,33.52,34.94,33.41,34.67,9576500,33.78
2013-06-24,31.76,33.72,31.13,33.31,13085200,32.46
2013-06-17,34.50,34.56,31.74,32.21,15331000,31.39
2013-06-10,35.18,35.24,33.10,34.29,14316300,33.41
2013-06-03,34.57,35.49,33.38,35.03,36237600,34.14
2013-05-28,34.00,34.91,33.45,33.89,13264800,33.02
2013-05-20,33.37,34.01,32.10,32.87,11737600,32.03
2013-05-13,31.16,33.77,30.87,33.42,13036700,32.57
2013-05-06,32.02,32.22,30.97,31.42,10717500,30.62
2013-04-29,30.62,32.44,30.11,32.10,11260900,31.28
2013-04-22,29.20,30.80,28.85,30.50,12993900,29.72
2013-04-15,29.41,29.69,28.75,29.15,10212600,28.41
2013-04-08,27.50,29.84,27.40,29.62,14421100,28.86
2013-04-01,27.65,28.30,27.11,27.52,11317400,26.82
2013-03-25,28.39,28.48,27.64,27.82,7080400,27.11
2013-03-18,27.95,29.30,27.73,28.22,15623400,27.50
2013-03-11,27.95,28.64,27.55,28.21,11727100,27.49
2013-03-04,27.14,28.19,26.99,28.00,8024800,27.29
2013-02-25,27.11,27.58,26.19,27.21,11384700,26.52
2013-02-19,27.69,27.81,26.31,27.11,9373800,26.42
2013-02-11,28.51,29.36,27.22,27.76,10827300,27.05
2013-02-04,27.89,28.91,27.88,28.57,8285400,27.84
2013-01-28,29.05,29.15,27.61,28.17,10145500,27.45
2013-01-22,29.19,29.27,26.62,29.07,12137800,28.33
2013-01-14,30.15,30.68,28.83,29.28,12897900,28.53
2013-01-07,29.64,30.60,29.05,30.36,10228000,29.59
2012-12-31,27.76,30.23,27.62,29.86,14954900,29.10
2012-12-24,27.31,27.99,27.31,27.85,6612000,27.14
2012-12-17,24.67,27.91,24.65,27.32,19226400,26.62
2012-12-10,25.06,26.07,24.40,24.61,7487100,23.98
2012-12-03,26.06,26.36,24.46,25.19,10077300,24.55
2012-11-26,25.17,26.24,24.64,25.88,6829200,25.22
2012-11-19,24.27,25.42,24.13,25.21,6019700,24.57
2012-11-12,25.05,25.38,23.39,23.85,8720300,23.24
2012-11-05,25.44,26.27,24.38,25.04,8512700,24.40
2012-10-31,24.30,25.99,23.90,25.79,16392200,25.13
