Date,Open,High,Low,Close,Volume,Adj Close
2014-01-27,36.80,37.28,35.88,36.08,22009600,35.16
2014-01-21,38.89,39.00,36.70,36.83,26952300,35.89
2014-01-13,40.16,40.64,38.33,38.60,38336900,37.61
2014-01-06,39.90,40.94,39.64,40.03,14989800,39.01
2013-12-30,41.00,41.13,39.00,39.57,19007100,38.56
2013-12-23,40.90,41.85,40.61,40.94,12299100,39.89
2013-12-16,40.56,41.85,39.86,40.99,37722300,39.94
2013-12-09,40.38,41.17,40.01,40.04,22400800,39.02
2013-12-02,39.10,40.38,37.68,40.17,35650700,39.14
2013-11-25,37.75,39.15,37.39,38.73,19749400,37.74
2013-11-18,38.81,39.18,37.58,37.63,22841800,36.67
2013-11-11,36.68,39.08,36.37,38.77,24414500,37.78
2013-11-04,37.50,37.80,35.91,36.66,17492400,35.72
2013-10-31,37.18,38.21,36.95,37.39,29434100,36.44
