Date,Open,High,Low,Close,Volume,Adj Close
2014-04-28,17.87,18.05,17.46,17.64,1303500,17.64
2014-04-21,18.81,19.05,17.77,17.87,1460800,17.87
2014-04-14,18.60,18.85,18.33,18.71,1094800,18.71
2014-04-07,19.18,19.26,18.13,18.38,1719900,18.38
2014-03-31,19.12,19.46,18.95,19.03,1979200,19.03
2014-03-24,17.74,18.79,17.54,18.65,2878100,18.65
2014-03-17,17.15,17.85,16.92,17.76,2774100,17.76
2014-03-10,18.13,18.17,17.12,17.17,2064200,17.17
2014-03-03,17.20,17.99,17.04,17.95,1481600,17.95
2014-02-24,17.40,17.66,17.16,17.55,2193900,17.55
2014-02-18,17.30,17.39,16.98,17.12,1921000,17.12
2014-02-10,16.70,17.36,16.52,17.06,3626800,17.06
2014-02-03,15.60,16.87,15.23,16.82,4715600,16.82
2014-01-27,16.47,16.53,15.55,15.75,3692600,15.75
2014-01-21,17.05,17.13,16.63,16.72,3050600,16.72
2014-01-13,17.68,17.77,17.05,17.05,2944600,17.05
2014-01-06,17.30,18.32,17.20,17.80,4075200,17.80
2013-12-30,17.33,17.55,17.08,17.18,1787900,17.18
2013-12-23,17.67,17.85,17.03,17.09,1731200,17.09
2013-12-16,17.60,17.65,17.23,17.56,1724400,17.56
2013-12-09,18.14,18.15,17.40,17.51,2133900,17.51
2013-12-02,18.49,18.75,17.75,18.10,1899400,18.10
2013-11-25,18.42,18.62,18.04,18.30,2625200,18.30
2013-11-18,19.05,19.16,18.27,18.30,3551600,18.30
2013-11-11,16.68,18.77,16.52,18.50,5019300,18.50
2013-11-04,16.85,17.31,16.62,16.74,3355300,16.74
2013-10-31,18.02,18.02,16.66,16.75,8151600,16.75
