Date,Open,High,Low,Close,Volume,Adj Close
2014-10-27,43.31,46.52,43.29,46.05,26694500,46.05
2014-10-20,38.47,43.65,38.25,43.50,38713100,43.50
2014-10-13,39.52,40.07,36.20,38.45,34085900,38.45
2014-10-06,41.20,41.73,39.59,39.60,28599800,39.60
2014-09-29,40.41,41.69,39.69,41.03,32843700,41.03
2014-09-22,39.77,40.80,37.90,40.66,64488400,40.66
2014-09-15,43.98,44.01,39.55,40.93,100194000,40.93
2014-09-08,40.34,43.20,40.26,42.88,50778700,42.88
2014-09-02,38.90,39.80,38.69,39.59,19214900,39.59
2014-08-25,38.14,38.72,37.54,38.51,15368100,38.51
2014-08-18,36.77,38.20,36.75,38.01,15408400,38.01
2014-08-11,36.10,36.57,35.15,36.47,12072200,36.47
2014-08-04,35.71,36.66,35.40,35.91,12880800,35.91
2014-07-28,36.23,36.99,35.31,35.62,17713000,35.62
2014-07-21,33.35,36.55,33.16,36.12,28548300,36.12
2014-07-14,35.80,35.95,32.93,33.33,34066900,33.33
2014-07-07,36.15,36.23,34.10,35.43,17576900,35.43
2014-06-30,34.93,36.15,34.85,36.14,16049500,36.14
2014-06-23,34.13,34.55,33.02,34.25,20076200,34.25
2014-06-16,35.00,35.49,33.97,34.05,22495400,34.05
2014-06-09,35.86,37.06,35.54,36.94,12456600,36.94
2014-06-02,34.69,36.08,34.26,35.92,11014100,35.92
2014-05-27,35.00,35.17,34.13,34.65,13237800,34.65
2014-05-19,33.41,35.08,33.28,35.02,16212800,35.02
2014-05-12,33.99,34.69,33.10,33.41,17952700,33.41
2014-05-05,36.68,37.17,33.41,33.76,29811700,33.76
2014-04-28,34.67,37.12,33.65,36.87,25005100,36.87
2014-04-21,36.60,36.85,34.29,34.48,18059200,34.48
2014-04-14,33.55,37.30,32.64,36.38,41863700,36.38
2014-04-07,34.11,35.00,32.15,32.87,33394600,32.87
2014-03-31,36.46,36.86,33.83,34.26,20657500,34.26
2014-03-24,38.00,38.04,35.05,35.90,24493000,35.90
2014-03-17,39.00,39.94,37.42,37.94,20303700,37.94
2014-03-10,38.63,38.78,36.45,37.60,18249600,37.60
2014-03-03,37.65,40.15,37.43,38.70,13694600,38.70
2014-02-24,37.23,39.38,36.82,38.67,14744200,38.67
2014-02-18,38.31,38.59,37.22,37.29,12864000,37.29
2014-02-10,38.00,38.91,37.25,38.23,14428600,38.23
2014-02-03,35.94,37.27,34.66,37.23,17545800,37.23
2014-01-27,37.60,38.32,34.45,36.01,39200100,36.01
2014-01-21,39.98,40.40,37.62,37.91,19031000,37.91
2014-01-13,41.16,41.31,39.47,40.01,15121400,40.01
2014-01-06,40.05,41.72,39.75,41.23,13364900,41.23
2013-12-30,40.46,40.58,39.31,40.12,13556900,40.12
2013-12-23,40.25,41.05,40.13,40.49,6516200,40.49
2013-12-16,39.97,40.60,38.82,40.12,14694500,40.12
2013-12-09,39.13,40.25,38.57,39.73,18147900,39.73
2013-12-02,37.04,39.31,36.25,38.86,20337600,38.86
2013-11-25,36.78,37.35,35.96,36.98,10625200,36.98
2013-11-18,35.65,36.66,34.51,36.49,21227500,36.49
2013-11-11,33.57,35.94,33.25,35.47,18492100,35.47
2013-11-04,33.20,33.66,32.06,33.12,14404000,33.12
2013-10-28,32.09,34.00,31.70,33.18,18494100,33.18
2013-10-21,33.65,34.60,32.00,32.25,17726800,32.25
2013-10-14,33.80,34.32,32.31,33.43,31012100,33.43
2013-10-07,34.46,34.69,31.79,34.15,26466600,34.15
2013-09-30,33.04,35.06,32.68,34.89,25419600,34.89
2013-09-23,31.03,33.85,30.02,33.55,26744200,33.55
2013-09-16,29.64,31.10,29.31,30.93,13907900,30.93
2013-09-09,28.32,30.27,28.32,29.26,16091500,29.26
2013-09-03,27.38,28.50,27.37,28.17,10817100,28.17
2013-08-26,27.99,28.04,26.75,27.12,12832600,27.12
2013-08-19,27.27,28.32,26.90,27.99,12059200,27.99
2013-08-12,27.55,28.60,27.00,27.32,13793000,27.32
2013-08-05,27.71,27.80,27.06,27.68,10045300,27.68
2013-07-29,27.95,28.45,27.55,27.65,13474800,27.65
2013-07-22,28.08,28.46,27.21,28.11,25325700,28.11
2013-07-15,27.47,29.83,26.73,29.11,37524700,29.11
2013-07-08,25.72,27.44,25.49,27.23,15610900,27.23
2013-07-01,25.26,26.26,24.82,25.68,9491300,25.68
2013-06-24,24.98,25.98,23.82,25.13,21947400,25.13
2013-06-17,26.29,26.89,24.94,25.19,15017600,25.19
2013-06-10,27.04,27.12,25.71,26.28,11006200,26.28
2013-06-03,26.37,27.09,25.66,27.04,14890100,27.04
2013-05-28,26.65,26.77,25.32,26.30,18666100,26.30
2013-05-20,26.68,27.19,25.65,26.33,18861600,26.33
2013-05-13,26.76,27.68,26.36,26.52,17134800,26.52
2013-05-06,25.05,26.86,24.92,26.83,18051300,26.83
2013-04-29,24.85,25.25,24.18,25.07,11172800,25.07
2013-04-22,23.71,25.37,23.47,24.68,16851700,24.68
2013-04-15,24.72,24.99,22.70,23.47,29567600,23.47
2013-04-08,23.24,24.80,23.13,24.69,13551800,24.69
2013-04-01,23.31,23.90,23.01,23.30,13753600,23.30
2013-03-25,23.41,23.88,23.31,23.53,17896900,23.53
2013-03-18,21.90,23.26,21.87,23.26,17758700,23.26
2013-03-11,22.80,23.00,21.97,22.07,17762700,22.07
2013-03-04,22.37,23.09,22.20,22.90,19846300,22.90
2013-02-25,21.26,22.28,20.58,21.94,19144100,21.94
2013-02-19,21.03,21.45,20.74,21.22,14518500,21.22
2013-02-11,20.44,21.43,20.39,21.02,18807900,21.02
2013-02-04,19.76,20.61,19.31,20.50,19962700,20.50
2013-01-28,20.50,20.88,19.57,19.76,39263800,19.76
2013-01-22,19.91,20.52,19.72,20.37,14097600,20.37
2013-01-14,19.33,20.21,19.25,20.02,18248600,20.02
2013-01-07,19.56,19.75,18.89,19.29,22928400,19.29
2012-12-31,19.43,20.32,19.40,19.86,18275500,19.86
2012-12-24,19.45,19.75,19.28,19.50,12868700,19.50
2012-12-17,19.72,19.76,19.23,19.35,20301300,19.35
2012-12-10,19.18,19.72,19.15,19.64,21222300,19.64
2012-12-03,18.55,19.30,18.34,19.20,25908000,19.20
2012-11-26,18.88,19.16,18.53,18.77,29004300,18.77
2012-11-19,18.02,18.59,17.87,18.57,21630900,18.57
2012-11-12,17.18,18.16,17.17,17.86,30890100,17.86
2012-11-05,17.10,17.56,17.01,17.26,25334700,17.26
2012-10-31,16.81,17.14,16.60,17.11,22797400,17.11
